3192
3156
3143
3116
643
641
639
637
634
630
628
626
622
620
619
616
600
590
589
583
158
158
153
149
148
148
146
144
143
139
139
138
138
138
137
136
134
134
133
133
132
132
131
131
131
131
130
129
129
128
128
128
127
127
127
127
127
126
126
126
126
126
125
125
125
125
124
124
124
123
121
121
120
119
117
117
115
115
115
113
113
112
105
102
39
39
37
37
36
36
36
35
35
35
34
34
34
34
33
33
33
33
33
33
33
32
32
32
32
32
32
32
32
32
32
31
31
31
31
31
31
31
30
30
30
30
30
30
30
30
30
30
30
30
30
30
30
30
30
29
29
29
29
29
29
29
29
29
29
29
29
29
29
29
29
29
28
28
28
28
28
28
28
28
28
28
28
28
28
28
28
28
28
28
28
27
27
27
27
27
27
27
27
27
27
27
27
27
27
27
26
26
26
26
26
26
26
26
26
26
26
26
26
26
26
26
26
26
26
26
26
26
26
26
25
25
25
25
25
25
25
25
25
25
25
25
25
25
25
24
24
24
24
24
24
24
24
24
24
24
24
24
24
24
24
24
24
24
24
24
24
24
23
23
23
23
23
23
23
23
23
23
23
23
23
23
22
22
22
22
22
22
22
22
22
22
22
22
22
22
22
22
22
22
22
22
21
21
21
21
21
21
21
21
21
21
21
21
21
21
21
20
20
20
20
20
20
20
20
20
20
19
19
19
19
19
19
19
19
19
19
18
18
18
18
18
18
18
18
18
17
17
17
17
17
16
16
16
16
13
12
12
12
12
12
11
11
11
11
11
11
11
11
11
11
11
11
11
11
11
11