22038615
12545825
10741073
10343885
10144200
6996437
6332195
4303955
3978265
3872477
3856916
3430996
3281454
3081151
2909254
2683014
2573587
2485306
1915138
1885366
1865580
1820935
1801708
1776767
1767638
1712406
1638830
1635914
1619007
1490548
1484869
1379320
1296879
1181023
1151045
1083029
1022775
1018283
992596
969591
933542
925515
919821
892535
892102
874406
857168
829018
824568
795534
784528
772787
769254
768232
764657
756550
709623
691468
685982
678626
678603
677870
677711
677707
674193
670745
668172
663645
659622
628254
617932
605997
579757
568850
547799
543977
539719
538893
525107
517536
514972
513864
511027
491707
470401
464606
463566
438539
435993
432773
420781
420170
412315
411776
409760
402222
400724
397950
395203
391821
388155
385348
384503
379574
378007
369553
367844
361067
353973
351088
348100
341422
340921
333849
333433
333085
329409
324569
318210
311902
310265
308050
304183
303506
300349
296953
294023
289843
285035
284632
281483
280396
276744
275214
272193
268219
266744
264158
263414
262584
259102
255936
255047
254910
246360
244507
243267
242443
242198
240646
240482
240452
240300
237480
236980
236577
235442
234555
231760
229435
229429
227169
225247
225005
223138
222836
221392
219627
218617
217728
216082
214968
213952
213744
212739
209059
208550
208260
208037
207861
207065
206895
205250
204379
203345
202427
200773
200175
199268
197266
197086
196522
196070
195985
194427
192070
191893
191314
190729
188555
188328
187533
187325
186005
185463
184511
183854
183724
182714
182341
179474
179388
178397
177481
177368
177317
176895
176306
176144
175611
174366
174069
172769
172472
172448
171043
170527
169570
169407
169150
167666
166359
165812
164794
164766
164401
163582
163259
162685
162411
161824
160131
160011
157364
156417
155032
154743
154468
154013
152891
152559
152182
150879
150718
150646
149658
149251
149050
148621
147185
146338
146311
146122
145051
144713
144437
144194
143766
142697
142289
142282
142007
141357
141264
140937
140819
140731
138955
138192
135986
135774
135484
134910
134731
134203
134104
134102
133706
133571
133563
133133
133057
132899
132684
131489
128737
127907
127369
127331
127291
127139
126760
126717
126660
126495
126428
126278
126203
126029
126029
125571
125252
125165
125006
124993
124976
124850
124346
124187
124039
123961
123183
122789
122691
122140
121921
121704
121481
121354
120292
119825
119610
119425
119419
119186
119125
117851
117842
117804
117762
117700
117358
116277
116186
116100
115771
115220
114904
114892
114802
114791
114599
114569
114094
114002
113787
113731
113650
112962
112426
111857
111478
110409
110409
110020
109720
109288
108990
108421
108171
108005
107925
107728
107601
107448
107447
107341
107285
106879
106863
106473
106361
105984
105932
105880
105559
105155
104122
103681
103650
103621
103613
103591
103402
103389
103171
102657
102463
101987
101224
101105
100671
100435
99754
99660
98376
98106
97937
97212
97038
96933
96908
96651
96620
96613
96564
96224
96012
95896
95824
95608
95566
95216
95047
93222
92970
92660
92643
92375
91995
91323
91319
90571
90392
90301
89379
89280
88930
88862
88697
88666
88574
88138
87876
87865
87487
87427
87243
87243
87224
87060
87036
86828
86817
86473
86421
86231
86184
85880
85759
85438
85256
85152
85084
84926
84865
84845
84835
84549
84536
84443
84035
83895
83773
83756
83743
83677
83601
83174
82973
82942
82930
82911
82808
82429
82090
81951
81826
81812
81610
81385
81358
81338
81192
80987
80895
80797
80713
80609
80476
80250
80009
79821
79813
79513
79310
79299
79087
79026
78493
78487
78334
77980
77921
77547
77509
77197
77124
77116
76753
76594
76544
76304
75932
75887
75605
75559
75446
75395
75383
75298
75228
74914
74877
74871
74858
74713
74559
74534
74386
74169
74112
73999
73842
73745
73695
73512
73505
73099
73063
73055
72668
72603
72217
72216
71645
71611
71602
71599
71390
71377
71093
70930
70883
70685
70051
69966
69962
69870
69750
69565
69564
69497
69493
69446
69431
69387
69387
69229
68901
68662
68481
68303
68214
68046
67917
67881
67495
67399
67278
67228
67218
67128
67037
66862
66724
66712
66630
66232
66217
66194
65667
65360
65271
65243
65198
64984
64860
64534
64531
64348
64172
64139
64012
63947
63489
63476
63406
63187
63168
63002
62999
62980
62962
62841
62682
62625
62503
62458
62440
62422
62154
62071
61732
61397
61266
61252
61219
61062
60990
60927
60884
60630
60487
60451
60442
60432
60424
60369
60304
60126
60072
59909
59739
59716
59701
59543
59542
59466
59432
59424
59386
59006
58992
58988
58947
58914
58744
58728
58669
58495
58436
58307
58300
58274
58169
58020
57929
57784
57743
57617
57612
57540
57462
57248
57177
57039
57033
57029
57025
56978
56954
56915
56886
56828
56714
56588
56483
56454
56448
56351
56342
56201
56147
56103
56022
55992
55940
55937
55901
55829
55799
55719
55608
55526
55203
55174
55111
54871
54869
54838
54765
54738
54697
54602
54601
54549
54479
54372
54353
54305
54010
53980
53859
53840
53820
53727
53663
53633
53542
53484
53477
53398
53390
53215
53127
53038
53010
52915
52768
52685
52501
52347
52224
52130
52101
52067
52011
52005
51868
51798
51669
51657
51526
51509
51476
51451
51322
51248
51211
51192
51147
51013
50914
50904
50898
50875
50871
50833
50793
50773
50742
50678
50649
50612
50583
50541
50479
50431
50385
50335
50329
50285
50200
50177
50045
50042
49997
49969
49952
49944
49916
49876
49764
49759
49696
49686
49673
49667
49659
49657
49530
49438
49358
49208
49126
49011
48975
48605
48594
48567
48183
48094
48046
48010
47977
47877
47853
47827
47807
47803
47661
47622
47565
47549
47533
47503
47477
47435
47375
47349
47338
47309
47305
47299
47276
47134
47086
46905
46852
46827
46777
46632
46628
46575
46525
46425
46346
46299
46187
46184
45946
45921
45912
45760
45726
45684
45673
45648
45596
45591
45571
45553
45469
45352
45311
45225
45160
45155
45122
45121
45112
44951
44934
44931
44897
44831
44820
44792
44720
44704
44683
44673
44649
44646
44489
44404
44378
44304
44259
44130
44085
44020
43997
43938
43898
43782
43721
43707
43681
43638
43605
43589
43568
43538
43531
43512
43493
43487
43401
43382
43359
43267
43256
43251
43158
43156
43143
42978
42941
42941
42890
42843
42826
42824
42667
42605
42582
42542
42399
42397
42391
42353
42325
42291
42273
42153
42139
42052
41919
41915
41865
41771
41758
41667
41662
41658
41639
41594
41558
41496
41488
41484
41473
41462
41373
41350
41326
41280
41233
41218
41154
41087
40960
40889
40881
40856
40842
40776
40716
40705
40687
40643
40608
40545
40536
40489
40423
40402
40397
40380
40363
40348
40336
40264
40214
40210
40200
40180
40170
40126
40084
40052
40027
40007
39967
39959
39893
39853
39815
39774
39705
39666
39659
39642
39633
39616
39613
39600
39559
39552
39516
39492
39464
39418
39407
39367
39356
39341
39332
39310
39294
39266
39264
39253
39209
39197
39165
39160
39143
39051
38910
38857
38843
38822
38810
38800
38798
38750
38644
38575
38517
38474
38431
38407
38397
38372
38323
38295
38268
38265
38194
38141
38079
37959
37950
37742
37700
37540
37532
37522
37505
37473
37443
37389
37363
37230
37228
37156
37084
37022
36963
36878
36809
36786
36758
36740
36598
36547
36478
36421
36408
36381
36319
36247
36227
36193
36137
36103
36056
36001
36000
35974
35960
35944
35940
35898
35851
35842
35826
35824
35804
35746
35636
35504
35496
35474
35464
35459
35437
35434
35429
35359
35352
35314
35310
35230
35224
35217
35166
35143
35141
35062
35040
35016
34982
34941
34925
34909
34835
34801
34788
34742
34737
34710
34709
34691
34675
34578
34577
34557
34534
34501
34456
34451
34445
34442
34400
34375
34368
34331
34317
34301
34280
34270
34264
34242
34188
34174
34104
34090
34027
34009
33958
33900
33849
33788
33511
33456
33428
33410
33403
33394
33380
33348
33344
33305
33239
33238
33202
33191
33151
33067
33053
33046
33019
33000
32967
32944
32942
32929
32928
32924
32919
32852
32813
32784
32688
32659
32646
32588
32560
32550
32531
32475
32466
32436
32432
32358
32334
32322
32316
32302
32259
32252
32180
32157
32145
32110
32087
32087
32079
32078
32052
31989
31944
31866
31838
31836
31807
31801
31755
31686
31633
31612
31610
31592
31577
31536
31494
31467
31455
31442
31380
31345
31327
31325
31322
31319
31299
31289
31265
31247
31227
31163
31098
31058
31044
31012
31005
30996
30993
30947
30906
30800
30758
30752
30741
30737
30733
30726
30715
30667
30645
30634
30624
30542
30519
30490
30476
30416
30406
30396
30377
30291
30286
30248
30199
30173
30159
30107
30098
30090
30047
30011
29946
29866
29828
29780
29771
29769
29769
29756
29731
29717
29690
29679
29635
29597
29579
29560
29554
29535
29515
29496
29474
29473
29460
29437
29421
29354
29345
29340
29336
29328
29210
29170
29169
29155
29113
29108
29044
28991
28946
28901
28869
28862
28844
28836
28827
28826
28752
28736
28722
28710
28704
28698
28698
28636
28623
28612
28609
28600
28589
28560
28551
28504
28494
28471
28387
28344
28335
28331
28324
28278
28246
28244
28234
28220
28216
28194
28178
28170
28141
28046
28026
28023
28011
27970
27952
27950
27917
27908
27875
27768
27755
27740
27734
27727
27725
27712
27687
27682
27659
27659
27590
27569
27555
27531
27524
27494
27449
27432
27283
27278
27266
27266
27258
27254
27244
27219
27205
27191
27178
27125
27114
27100
27087
27066
27050
27033
27023
27007
26983
26980
26951
26945
26943
26907
26896
26887
26858
26847
26844
26815
26771
26765
26732
26717
26697
26682
26675
26669
26646
26643
26587
26570
26568
26552
26513
26507
26500
26476
26463
26456
26450
26432
26422
26396
26373
26318
26282
26279
26254
26237
26215
26177
26080
26043
26039
26009
26008
25969
25934
25912
25850
25781
25735
25730
25720
25720
25716
25699
25642
25525
25511
25503
25497
25492
25446
25436
25436
25405
25390
25377
25327
25304
25289
25282
25271
25250
25241
25218
25207
25190
25179
25170
25103
25073
25064
25000
24995
24946
24921
24920
24918
24873
24848
24844
24842
24826
24773
24765
24748
24735
24716
24711
24668
24653
24645
24631
24592
24563
24538
24534
24515
24515
24465
24447
24408
24402
24387
24370
24367
24351
24325
24313
24311
24310
24243
24184
24155
24134
24072
24071
24064
24057
24044
24038
24010
24009
24006
23994
23990
23971
23954
23935
23934
23929
23919
23904
23902
23889
23868
23866
23843
23831
23809
23793
23783
23751
23750
23744
23744
23739
23691
23666
23650
23621
23617
23580
23567
23554
23529
23527
23455
23450
23417
23389
23365
23346
23317
23307
23301
23298
23274
23265
23244
23227
23220
23211
23194
23182
23167
23159
23152
23111
23106
23061
23034
23030
23005
22942
22929
22880
22878
22868
22837
22830
22803
22773
22758
22722
22721
22713
22675
22673
22662
22642
22632
22622
22621
22586
22562
22529
22508
22494
22479
22467
22452
22445
22410
22401
22398
22392
22391
22389
22380
22362
22352
22324
22301
22288
22275
22267
22247
22243
22233
22213
22190
22190
22158
22100
22097
22085
22075
22038
22029
22025
22022
22016
22015
22004
21983
21970
21939
21938
21932
21931
21894
21873
21856
21843
21821
21813
21801
21800
21799
21771
21766
21754
21727
21723
21715
21714
21707
21706
21695
21691
21678
21665
21663
21636
21617
21581
21569
21560
21556
21556
21552
21521
21497
21490
21486
21485
21448
21436
21413
21370
21362
21350
21343
21341
21335
21333
21330
21323
21321
21296
21238
21236
21233
21219
21175
21169
21146
21141
21135
21102
21101
21101
21086
21064
21060
21052
21021
21018
21011
20979
20964
20961
20955
20953
20946
20943
20917
20916
20912
20906
20897
20866
20841
20832
20806
20802
20796
20787
20774
20774
20767
20757
20681
20673
20662
20646
20642
20640
20613
20576
20550
20534
20515
20510
20510
20508
20474
20472
20453
20413
20404
20399
20391
20387
20387
20360
20358
20345
20320
20310
20310
20296
20271
20263
20236
20235
20220
20204
20196
20192
20174
20171
20164
20136
20118
20117
20104
20100
20096
20096
20092
20081
20067
20026
20016
20012
19996
19952
19952
19926
19900
19856
19852
19847
19819
19818
19798
19792
19778
19773
19772
19766
19727
19724
19688
19679
19663
19649
19633
19628
19624
19621
19614
19603
19594
19580
19564
19561
19559
19531
19522
19519
19512
19506
19504
19501
19493
19482
19421
19416
19413
19408
19403
19389
19385
19384
19370
19363
19349
19349
19327
19315
19311
19300
19300
19293
19227
19220
19216
19214
19213
19209
19197
19193
19158
19154
19144
19130
19126
19125
19103
19102
19099
19079
19075
19069
19064
19056
19047
19035
19031
19030
19028
19019
19014
19014
19013
19011
18998
18989
18984
18984
18978
18977
18970
18955
18933
18932
18925
18922
18920
18915
18912
18910
18910
18887
18880
18873
18868
18857
18822
18801
18766
18764
18720
18719
18665
18659
18634
18598
18597
18571
18561
18542
18533
18532
18500
18484
18483
18469
18451
18450
18443
18441
18440
18424
18371
18353
18348
18337
18334
18328
18313
18305
18299
18296
18284
18277
18263
18254
18251
18244
18231
18228
18227
18223
18215
18214
18205
18198
18196
18194
18189
18139
18131
18126
18107
18103
18094
18080
18058
18058
18055
18024
17999
17991
17967
17954
17934
17924
17922
17893
17885
17882
17880
17872
17841
17840
17836
17812
17788
17787
17778
17759
17733
17712
17707
17675
17656
17654
17641
17615
17597
17596
17594
17581
17551
17541
17523
17500
17499
17491
17482
17482
17482
17474
17445
17435
17428
17426
17423
17421
17416
17409
17403
17403
17401
17396
17378
17365
17347
17342
17342
17332
17329
17316
17306
17305
17264
17260
17258
17257
17239
17220
17220
17206
17202
17197
17195
17189
17187
17180
17164
17163
17162
17160
17146
17074
17073
17049
17024
17015
17006
16997
16977
16976
16967
16948
16933
16933
16933
16932
16931
16916
16890
16890
16865
16858
16835
16823
16810
16809
16806
16805
16803
16802
16797
16776
16764
16732
16708
16706
16704
16686
16686
16685
16654
16648
16628
16612
16600
16596
16586
16562
16550
16520
16498
16449
16445
16434
16415
16403
16373
16351
16334
16314
16314
16312
16296
16293
16285
16282
16274
16268
16250
16241
16240
16233
16228
16216
16213
16205
16205
16194
16172
16163
16163
16162
16128
16124
16094
16078
16064
16062
16058
16045
16010
16008
16008
16006
16003
16000
15997
15992
15987
15982
15980
15979
15973
15969
15939
15917
15910
15909
15903
15901
15886
15877
15870
15869
15862
15848
15848
15836
15831
15829
15822
15815
15813
15804
15803
15794
15792
15786
15780
15775
15773
15770
15767
15766
15765
15746
15741
15738
15734
15725
15720
15702
15701
15693
15692
15687
15687
15686
15684
15680
15680
15677
15665
15659
15658
15653
15640
15634
15633
15632
15616
15614
15613
15599
15587
15575
15575
15561
15558
15556
15554
15540
15527
15514
15512
15475
15447
15444
15424
15415
15407
15400
15393
15389
15388
15383
15377
15359
15358
15351
15350
15337
15323
15310
15310
15303
15284
15273
15267
15260
15259
15259
15259
15258
15258
15249
15249
15233
15230
15214
15199
15172
15170
15169
15147
15145
15124
15114
15107
15092
15091
15057
15052
15048
15043
15033
15021
15020
15008
15004
14996
14979
14970
14965
14965
14958
14954
14944
14939
14938
14936
14912
14894
14891
14889
14886
14884
14881
14873
14864
14856
14854
14853
14852
14846
14826
14792
14791
14780
14780
14776
14771
14768
14766
14757
14738
14726
14725
14720
14691
14686
14684
14681
14672
14648
14645
14643
14632
14624
14615
14610
14609
14596
14594
14587
14586
14565
14564
14559
14552
14551
14551
14539
14526
14521
14516
14501
14499
14497
14484
14481
14459
14452
14445
14441
14425
14403
14397
14389
14371
14366
14327
14325
14317
14310
14308
14305
14249
14241
14234
14234
14233
14227
14211
14210
14197
14186
14165
14160
14155
14148
14148
14136
14117
14100
14095
14090
14088
14087
14069
14065
14058
14057
14047
14045
14036
14033
14030
14025
14022
14016
14008
14006
13996
13987
13970
13964
13964
13963
13959
13956
13951
13948
13935
13933
13928
13904
13903
13895
13885
13872
13859
13849
13845
13840
13831
13826
13820
13806
13806
13802
13797
13797
13769
13757
13757
13755
13748
13739
13733
13725
13724
13718
13703
13702
13693
13688
13686
13681
13673
13671
13671
13670
13666
13655
13654
13646
13633
13615
13611
13606
13599
13597
13593
13585
13584
13567
13553
13547
13545
13542
13541
13526
13518
13515
13507
13503
13479
13474
13438
13437
13434
13434
13425
13411
13402
13399
13390
13382
13377
13376
13373
13364
13362
13351
13336
13330
13324
13323
13321
13310
13289
13277
13275
13270
13259
13256
13256
13252
13248
13238
13238
13235
13233
13231
13209
13207
13191
13190
13183
13181
13171
13150
13150
13147
13145
13131
13130
13123
13118
13115
13109
13103
13072
13066
13064
13064
13053
13051
13045
13043
13041
13033
13033
13024
13010
13007
12999
12975
12972
12966
12963
12957
12948
12930
12927
12916
12906
12903
12899
12891
12889
12887
12886
12881
12878
12874
12872
12871
12863
12836
12833
12824
12820
12814
12801
12795
12772
12757
12754
12751
12746
12738
12737
12709
12689
12684
12684
12682
12679
12673
12673
12673
12668
12668
12663
12662
12656
12649
12634
12631
12628
12612
12610
12603
12601
12590
12586
12583
12576
12567
12565
12558
12552
12542
12542
12542
12527
12508
12497
12480
12467
12461
12461
12457
12438
12435
12431
12424
12421
12402
12402
12397
12395
12393
12390
12384
12379
12376
12365
12356
12356
12347
12346
12342
12342
12340
12335
12329
12329
12321
12317
12310
12280
12268
12265
12261
12260
12253
12247
12237
12236
12233
12225
12212
12203
12200
12194
12180
12179
12172
12171
12170
12169
12169
12155
12146
12125
12123
12121
12112
12107
12106
12105
12103
12100
12097
12091
12089
12086
12082
12079
12078
12073
12069
12063
12063
12061
12056
12054
12054
12054
12041
12034
12025
12022
12015
12013
12008
12007
12006
12005
11974
11974
11957
11956
11954
11945
11944
11941
11940
11923
11893
11886
11883
11882
11874
11869
11863
11861
11849
11849
11846
11843
11842
11842
11830
11830
11828
11824
11815
11815
11808
11801
11800
11799
11795
11776
11773
11756
11747
11746
11722
11710
11706
11706
11701
11695
11689
11688
11683
11680
11678
11676
11674
11666
11665
11656
11653
11650
11641
11637
11633
11630
11626
11609
11602
11598
11596
11592
11591
11591
11580
11580
11570
11566
11559
11551
11544
11543
11539
11536
11530
11520
11501
11499
11494
11483
11474
11469
11454
11449
11446
11442
11442
11430
11409
11403
11397
11396
11391
11388
11387
11383
11373
11372
11370
11367
11365
11360
11355
11352
11346
11344
11342
11330
11329
11327
11324
11324
11323
11316
11310
11306
11304
11299
11295
11293
11284
11280
11279
11277
11250
11247
11237
11222
11209
11202
11200
11199
11196
11195
11181
11171
11160
11159
11155
11154
11143
11135
11134
11132
11121
11119
11116
11115
11112
11107
11106
11095
11086
11083
11072
11070
11066
11054
11047
11042
11039
11039
11038
11031
11014
11009
11003
10995
10990
10987
10984
10976
10964
10961
10960
10954
10953
10951
10948
10943
10941
10924
10920
10918
10913
10913
10906
10901
10898
10894
10893
10891
10885
10869
10866
10864
10858
10855
10850
10843
10840
10839
10833
10833
10831
10822
10815
10803
10799
10790
10783
10778
10775
10771
10756
10752
10747
10745
10741
10739
10739
10736
10733
10722
10721
10718
10715
10698
10695
10689
10684
10677
10674
10671
10663
10658
10642
10641
10625
10622
10613
10600
10595
10594
10593
10587
10580
10579
10579
10572
10571
10568
10566
10561
10560
10553
10550
10538
10537
10537
10535
10524
10524
10521
10521
10508
10500
10485
10484
10484
10462
10461
10457
10456
10452
10448
10446
10446
10432
10430
10428
10427
10408
10403
10397
10397
10394
10390
10356
10352
10349
10342
10339
10335
10334
10330
10324
10322
10320
10317
10309
10308
10306
10305
10303
10303
10288
10288
10283
10282
10275
10273
10250
10246
10244
10238
10218
10218
10215
10209
10205
10204
10204
10196
10194
10193
10189
10187
10178
10172
10171
10169
10167
10166
10163
10163
10162
10161
10159
10148
10143
10143
10141
10131
10130
10125
10125
10120
10115
10113
10112
10110
10104
10099
10095
10090
10054
10050
10041
10041
10033
10032
10029
10023
10022
10014
10007
10006
10006
10004
10002
10001
9996
9993
9986
9986
9985
9982
9982
9977
9976
9972
9956
9956
9955
9955
9952
9951
9933
9928
9926
9920
9918
9912
9904
9902
9897
9896
9896
9891
9890
9886
9874
9872
9868
9867
9857
9852
9845
9834
9832
9826
9825
9824
9822
9822
9821
9821
9806
9797
9796
9795
9793
9793
9789
9788
9772
9762
9758
9758
9758
9755
9751
9750
9746
9741
9739
9738
9735
9734
9729
9728
9721
9716
9708
9698
9697
9694
9691
9690
9689
9684
9682
9678
9672
9670
9665
9664
9654
9653
9652
9639
9638
9638
9628
9628
9627
9624
9622
9619
9605
9596
9586
9586
9584
9584
9573
9573
9570
9565
9564
9561
9561
9561
9553
9543
9541
9523
9520
9508
9507
9499
9493
9491
9480
9480
9477
9465
9461
9459
9457
9453
9449
9448
9423
9412
9406
9404
9403
9402
9389
9387
9385
9384
9377
9372
9362
9360
9355
9351
9345
9345
9337
9334
9329
9327
9326
9319
9316
9303
9302
9300
9300
9298
9297
9293
9291
9288
9285
9278
9274
9274
9272
9271
9267
9267
9261
9260
9251
9250
9247
9238
9230
9228
9227
9226
9220
9219
9218
9217
9215
9214
9212
9209
9206
9202
9191
9184
9181
9169
9168
9163
9155
9153
9151
9150
9149
9136
9123
9121
9121
9119
9118
9115
9111
9109
9106
9103
9101
9101
9100
9099
9094
9087
9076
9069
9065
9060
9059
9055
9054
9048
9047
9039
9036
9033
9028
9024
9019
9019
9019
9018
9018
9017
9016
9013
9010
9005
8998
8997
8996
8994
8993
8991
8988
8988
8984
8981
8980
8980
8980
8969
8968
8965
8964
8963
8963
8956
8954
8948
8946
8945
8944
8943
8941
8928
8924
8916
8906
8895
8893
8889
8883
8882
8879
8875
8871
8870
8868
8867
8866
8866
8860
8856
8854
8851
8847
8842
8835
8826
8821
8815
8814
8814
8812
8809
8803
8790
8788
8787
8785
8780
8771
8766
8757
8755
8755
8753
8751
8745
8732
8729
8723
8723
8722
8720
8717
8715
8712
8704
8702
8690
8676
8675
8675
8671
8662
8660
8659
8652
8650
8650
8648
8648
8646
8643
8641
8639
8633
8632
8630
8630
8628
8620
8617
8606
8605
8600
8597
8596
8586
8583
8573
8573
8571
8570
8563
8550
8542
8542
8537
8536
8533
8527
8523
8519
8509
8506
8504
8502
8498
8491
8485
8481
8477
8475
8471
8468
8464
8463
8463
8462
8461
8454
8453
8449
8447
8446
8446
8442
8441
8440
8439
8416
8415
8405
8403
8400
8397
8397
8393
8391
8388
8386
8384
8381
8376
8371
8370
8367
8364
8357
8353
8340
8335
8335
8333
8324
8320
8320
8316
8313
8311
8307
8302
8300
8299
8298
8291
8288
8287
8285
8279
8278
8275
8267
8261
8259
8256
8255
8254
8250
8249
8249
8245
8232
8223
8209
8207
8204
8204
8196
8190
8177
8177
8176
8170
8170
8167
8167
8164
8164
8164
8162
8162
8162
8160
8157
8154
8140
8140
8136
8135
8132
8130
8128
8123
8123
8122
8117
8106
8104
8103
8101
8099
8094
8092
8087
8081
8075
8075
8073
8057
8049
8045
8039
8036
8036
8035
8030
8029
8026
8023
8018
8016
8015
8013
8011
8010
8008
8005
8003
7998
7996
7996
7988
7986
7986
7982
7980
7978
7975
7973
7973
7971
7969
7961
7961
7960
7949
7940
7936
7934
7925
7923
7921
7916
7914
7912
7910
7898
7895
7890
7889
7889
7879
7875
7871
7871
7870
7869
7868
7866
7863
7863
7861
7849
7847
7846
7845
7835
7831
7829
7829
7828
7827
7823
7822
7821
7818
7813
7813
7810
7798
7798
7796
7795
7789
7784
7780
7780
7778
7776
7775
7770
7765
7762
7762
7760
7757
7753
7746
7742
7735
7734
7729
7724
7719
7717
7713
7712
7709
7704
7704
7694
7692
7689
7688
7687
7675
7673
7671
7671
7671
7668
7668
7667
7666
7664
7663
7660
7659
7659
7646
7634
7634
7631
7630
7625
7619
7618
7618
7605
7597
7596
7593
7589
7588
7586
7585
7585
7585
7574
7574
7571
7563
7556
7556
7554
7550
7549
7546
7545
7541
7538
7535
7529
7525
7519
7519
7518
7512
7512
7510
7500
7497
7495
7487
7487
7485
7484
7482
7478
7477
7474
7474
7469
7464
7462
7461
7461
7458
7458
7454
7452
7451
7450
7448
7442
7441
7438
7431
7426
7425
7425
7419
7418
7416
7415
7415
7415
7402
7399
7397
7396
7389
7388
7388
7382
7382
7379
7378
7373
7372
7368
7367
7361
7355
7352
7352
7351
7349
7349
7347
7347
7345
7338
7336
7336
7333
7332
7332
7332
7326
7324
7319
7316
7304
7294
7294
7290
7280
7277
7276
7274
7274
7264
7264
7261
7260
7255
7251
7247
7243
7242
7241
7238
7234
7231
7229
7228
7227
7226
7225
7222
7220
7220
7219
7217
7216
7216
7213
7211
7211
7204
7198
7197
7195
7193
7191
7190
7189
7187
7187
7184
7182
7175
7171
7170
7170
7167
7165
7160
7154
7152
7149
7147
7139
7138
7134
7132
7130
7128
7126
7122
7120
7118
7115
7113
7103
7102
7101
7096
7094
7090
7088
7088
7087
7084
7076
7075
7073
7071
7070
7070
7069
7069
7067
7064
7063
7059
7058
7053
7053
7052
7049
7045
7044
7041
7039
7038
7036
7030
7029
7027
7026
7015
7015
7014
7013
7010
7008
7008
7006
7005
7004
7000
7000
6995
6990
6986
6978
6977
6976
6974
6972
6972
6966
6964
6955
6955
6955
6954
6954
6954
6952
6951
6951
6947
6946
6945
6944
6942
6939
6939
6936
6933
6932
6932
6931
6929
6929
6928
6928
6922
6920
6914
6914
6912
6911
6910
6907
6896
6896
6896
6896
6894
6891
6889
6887
6886
6886
6880
6879
6879
6877
6875
6868
6867
6866
6865
6864
6857
6856
6847
6842
6838
6836
6833
6829
6828
6823
6822
6815
6811
6808
6806
6803
6800
6800
6793
6787
6786
6785
6781
6776
6775
6773
6772
6768
6765
6763
6761
6759
6755
6754
6747
6743
6742
6741
6736
6730
6730
6730
6727
6726
6724
6722
6720
6720
6718
6718
6716
6713
6712
6705
6703
6698
6697
6696
6696
6695
6694
6693
6690
6690
6689
6688
6686
6680
6677
6672
6671
6671
6670
6665
6665
6665
6662
6660
6660
6659
6658
6658
6658
6651
6650
6648
6647
6644
6643
6642
6641
6636
6634
6631
6630
6624
6621
6621
6621
6613
6611
6607
6606
6606
6604
6604
6601
6591
6591
6585
6584
6584
6580
6577
6576
6572
6570
6565
6561
6560
6558
6554
6543
6541
6541
6540
6538
6532
6531
6529
6529
6525
6517
6513
6512
6509
6503
6500
6497
6495
6492
6492
6490
6486
6486
6484
6484
6478
6476
6474
6473
6473
6472
6468
6463
6462
6461
6460
6454
6452
6445
6443
6443
6439
6439
6439
6436
6427
6426
6423
6423
6422
6418
6418
6414
6412
6411
6403
6401
6401
6394
6394
6391
6387
6386
6384
6382
6380
6379
6377
6360
6358
6357
6356
6353
6349
6346
6345
6342
6340
6340
6339
6338
6334
6333
6332
6331
6328
6327
6327
6321
6320
6319
6317
6313
6312
6312
6307
6303
6303
6300
6297
6296
6294
6293
6288
6286
6284
6278
6276
6276
6275
6273
6271
6269
6268
6267
6266
6261
6261
6258
6255
6255
6251
6250
6250
6247
6239
6239
6238
6237
6236
6236
6234
6232
6231
6230
6228
6227
6215
6215
6215
6212
6210
6210
6209
6207
6205
6203
6199
6198
6194
6191
6186
6185
6180
6179
6177
6176
6176
6175
6171
6166
6164
6161
6161
6160
6159
6157
6157
6157
6155
6153
6149
6149
6144
6143
6141
6138
6130
6129
6117
6117
6111
6111
6109
6103
6103
6102
6101
6097
6095
6092
6089
6088
6087
6086
6086
6082
6076
6075
6071
6071
6067
6067
6067
6066
6062
6061
6054
6052
6050
6044
6042
6040
6040
6039
6038
6038
6038
6035
6031
6031
6030
6028
6027
6024
6023
6023
6021
6013
6011
6007
6005
6005
6005
6000
5998
5997
5997
5994
5992
5986
5985
5981
5980
5978
5974
5973
5968
5968
5968
5965
5964
5963
5962
5960
5959
5957
5954
5953
5953
5952
5952
5951
5950
5949
5948
5947
5945
5944
5942
5942
5941
5938
5938
5936
5935
5933
5931
5925
5925
5921
5919
5915
5911
5911
5909
5909
5908
5903
5903
5898
5897
5893
5892
5890
5887
5884
5884
5882
5882
5882
5882
5881
5880
5880
5879
5874
5873
5871
5868
5867
5860
5859
5859
5859
5858
5855
5852
5850
5849
5847
5845
5841
5828
5826
5826
5826
5821
5819
5818
5814
5814
5812
5811
5810
5809
5809
5806
5806
5802
5801
5798
5798
5797
5797
5795
5793
5791
5791
5790
5788
5785
5782
5781
5781
5779
5777
5773
5773
5773
5769
5765
5762
5761
5760
5758
5757
5755
5755
5755
5753
5744
5744
5742
5740
5735
5735
5731
5731
5730
5728
5727
5727
5723
5722
5720
5720
5720
5719
5718
5716
5716
5712
5709
5709
5708
5701
5698
5698
5696
5695
5695
5693
5691
5690
5690
5684
5684
5683
5682
5682
5681
5681
5679
5678
5678
5677
5676
5676
5676
5675
5674
5674
5674
5670
5670
5669
5665
5664
5662
5662
5660
5659
5656
5653
5650
5648
5647
5644
5642
5641
5640
5639
5635
5633
5632
5630
5629
5627
5627
5622
5622
5622
5621
5621
5619
5619
5617
5616
5613
5609
5609
5604
5602
5600
5597
5596
5593
5591
5587
5585
5584
5578
5577
5576
5575
5567
5563
5558
5558
5558
5557
5547
5543
5543
5541
5538
5536
5535
5532
5532
5531
5531
5529
5528
5522
5520
5519
5517
5516
5513
5509
5507
5506
5505
5504
5504
5503
5499
5497
5497
5492
5491
5490
5490
5490
5488
5486
5486
5485
5484
5483
5482
5481
5479
5479
5472
5471
5468
5467
5467
5466
5465
5464
5462
5461
5460
5459
5459
5458
5458
5458
5456
5455
5452
5452
5451
5451
5445
5444
5442
5441
5438
5435
5434
5429
5426
5420
5420
5419
5417
5415
5412
5410
5409
5407
5403
5401
5400
5392
5389
5388
5383
5379
5377
5373
5372
5371
5367
5362
5361
5359
5357
5352
5352
5350
5350
5350
5349
5347
5344
5344
5340
5339
5339
5339
5337
5337
5336
5334
5332
5331
5331
5328
5327
5324
5324
5322
5321
5321
5318
5317
5315
5313
5313
5312
5312
5309
5309
5308
5305
5305
5304
5297
5297
5293
5291
5289
5288
5287
5286
5279
5279
5278
5276
5275
5271
5269
5269
5269
5265
5263
5261
5258
5256
5247
5243
5241
5240
5239
5233
5233
5232
5229
5227
5226
5222
5221
5218
5216
5214
5212
5211
5211
5210
5210
5209
5208
5207
5207
5205
5204
5203
5200
5200
5196
5193
5192
5190
5187
5186
5186
5186
5185
5184
5183
5181
5178
5177
5170
5169
5167
5166
5162
5159
5159
5157
5157
5156
5156
5154
5154
5154
5152
5150
5148
5148
5138
5137
5136
5132
5132
5130
5130
5128
5126
5125
5125
5125
5118
5117
5117
5116
5113
5112
5110
5109
5106
5104
5097
5096
5094
5093
5089
5087
5085
5085
5085
5084
5083
5083
5082
5081
5080
5079
5079
5076
5076
5074
5071
5066
5065
5063
5063
5063
5061
5061
5060
5056
5055
5051
5048
5047
5042
5041
5040
5038
5036
5035
5035
5031
5028
5027
5025
5024
5022
5020
5015
5015
5012
5011
5010
5009
5006
5000
4995
4991
4991
4990
4990
4987
4976
4972
4972
4970
4938
4935
4933
4923
4922
4896
4877
4875